0 0 0 0.9
0 0 1 0.19
0 0 2 0.88
0 0 3 0.75
0 1 0 0.98
0 1 1 0.64
0 1 2 0.77
0 1 3 0.45
0 2 0 0.42
0 2 1 0.79
0 2 2 0.49
0 2 3 0.93
0 3 0 0.49
0 3 1 0.54
0 3 2 0.73
0 3 3 0.67
0 4 0 0.02
0 4 1 0.72
0 4 2 0.69
0 4 3 0.15
0 5 0 0.91
0 5 1 0.1
0 5 2 0.3
0 5 3 0.96
0 6 0 0.13
0 6 1 0.86
0 6 2 0.82
0 6 3 0.02
0 7 0 0.96
0 7 1 0.52
0 7 2 0.77
0 7 3 0.73
1 0 0 -0.398039
1 0 1 -0.298039
1 0 2 -0.688039
1 0 3 -0.908039
1 0 4 -0.368039
1 0 5 -0.318039
1 0 6 -0.408039
1 0 7 -0.828039
1 1 0 -0.270791
1 1 1 -0.580791
1 1 2 -0.570791
1 1 3 -0.0307912
1 1 4 -0.360791
1 1 5 -0.420791
1 1 6 -0.360791
1 1 7 -0.930791
1 2 0 -0.380601
1 2 1 -0.810601
1 2 2 -0.000600885
1 2 3 -0.240601
1 2 4 -0.430601
1 2 5 -0.650601
1 2 6 -0.700601
1 2 7 -0.300601
1 3 0 -0.33021
1 3 1 -0.15021
1 3 2 -0.11021
1 3 3 -0.84021
1 3 4 -0.58021
1 3 5 -0.91021
1 3 6 -0.56021
1 3 7 -0.52021
1 4 0 -0.428767
1 4 1 -0.478767
1 4 2 -0.678767
1 4 3 -1.00877
1 4 4 -0.198767
1 4 5 -0.718767
1 4 6 -0.558767
1 4 7 -0.208767
1 5 0 -0.269603
1 5 1 -0.859603
1 5 2 -0.289603
1 5 3 -0.519603
1 5 4 -0.379603
1 5 5 -0.719603
1 5 6 -0.659603
1 5 7 -0.239603
1 6 0 -0.065846
1 6 1 -0.215846
1 6 2 -0.335846
1 6 3 -0.375846
1 6 4 -1.01585
1 6 5 -0.475846
1 6 6 -0.945846
1 6 7 -0.845846
1 7 0 -0.869739
1 7 1 -0.899739
1 7 2 -0.0597387
1 7 3 -0.169739
1 7 4 -0.279739
1 7 5 -0.959739
1 7 6 -0.279739
1 7 7 -0.229739
1 8 0 -1.00586
1 8 1 -0.28586
1 8 2 -0.29586
1 8 3 -0.49586
1 8 4 -0.14586
1 8 5 -0.26586
1 8 6 -0.88586
1 8 7 -0.77586
1 9 0 -0.0464946
1 9 1 -0.866495
1 9 2 -0.426495
1 9 3 -0.916495
1 9 4 -0.906495
1 9 5 -0.0864946
1 9 6 -0.226495
1 9 7 -0.246495
1 10 0 -0.171256
1 10 1 -0.661256
1 10 2 -0.381256
1 10 3 -0.671256
1 10 4 -0.481256
1 10 5 -0.231256
1 10 6 -0.681256
1 10 7 -0.0812562
1 11 0 -0.147031
1 11 1 -0.377031
1 11 2 -0.187031
1 11 3 -0.687031
1 11 4 -0.267031
1 11 5 -0.837031
1 11 6 -0.337031
1 11 7 -0.647031
1 12 0 -0.704501
1 12 1 -0.634501
1 12 2 -0.734501
1 12 3 0.185499
1 12 4 -0.704501
1 12 5 -0.634501
1 12 6 -0.744501
1 12 7 -0.134501
1 13 0 -0.650377
1 13 1 -0.700377
1 13 2 -0.110377
1 13 3 -0.240377
1 13 4 -0.890377
1 13 5 -0.790377
1 13 6 -0.120377
1 13 7 -0.580377
1 14 0 -0.706735
1 14 1 -0.626735
1 14 2 -0.736735
1 14 3 -0.656735
1 14 4 -0.186735
1 14 5 -0.0567353
1 14 6 -0.266735
1 14 7 -0.296735
1 15 0 -0.187339
1 15 1 -0.717339
1 15 2 -0.947339
1 15 3 -0.467339
1 15 4 -0.617339
1 15 5 -0.267339
1 15 6 -0.397339
1 15 7 -0.117339
2 0 0 0.0103733
2 0 1 0.0144034
2 0 2 0.00152721
2 0 3 0.0048215
2 0 4 0.00270563
2 0 5 0.0134048
2 0 6 0.0048349
2 0 7 0.0107695
2 0 8 0.00851694
2 0 9 0.0244902
2 0 10 0.0102447
2 0 11 0.00831802
2 0 12 0.00687847
2 0 13 0.00636069
2 0 14 0.0165668
2 0 15 0.0131908
