38.6 -11.7
41.5 27.7
-16.5 29.3
-0.8 -11.4
-7.9 14.9
-47.3 -13.8
-44.1 19
42.6 26.3
-7.4 4
23.6 -32.8
-13.2 -28.9
-7.1 6.7
3 28.2
-37.7 36.2
-36.5 -43.3
30.2 42.9
-44.2 -47.8
-33.3 -43.1
-4.4 -10.7
-45.8 -48.9
-12.7 -27.1
41.9 -7.9
3.7 28.4
-17.6 -30.2
-13 -18.5
2.6 -8.7
48 -40.9
37.3 45.6
-33 36.2
-21.9 49.6
42.5 -19.5
-17.3 -41.6
0.5 -16.4
22.9 34.6
35.7 -18.7
39.5 -37.6
4.5 8.2
-13.3 31.4
-13.6 -6.6
25 -45.7
30.8 -41.3
-32.2 -22.4
8.4 28.8
15.1 -9.7
-10.1 25.4
-44 43.2
-13.2 17.6
-48.8 23.9
8.6 -27.4
3.9 -40.6
7 29.5
-12.2 -6.6
10.1 -3.3
40.2 -40.3
-0.8 -18.3
25.6 15.2
-22 -19.9
-5.9 -21.4
18.9 36.5
11.9 -5.6
22.9 -6
-38.3 -46.9
27.1 -40.3
17.5 -1.9
42.7 20.9
35.6 6.7
-14.7 -0.3
46.5 8.6
18.3 -19.4
12.4 -28.1
37.1 2.8
32.9 23.2
-48.1 0.3
-13.2 -23
21.5 20.8
-35.1 -16
22.3 29.6
-25.5 11.8
-4.9 34.6
5.5 42.1
-1.2 -12.1
-27.2 26.4
-15 34.1
0 -30.7
26.4 -46.6
41.4 -37.6
35.6 48.7
-0.9 24.3
-13.5 -27.3
43.6 35.9
5.1 -6.8
-27.2 -6.3
-9.3 -22.5
-37.9 -2.6
-10.5 35.8
-26.3 -47.1
29.3 -26.5
-7.2 31.8
-48.9 -35.7
2.9 42.8
