-102.282 22.4147
-102.282 22.4138
-102.28 22.4141
-102.279 22.4146
-102.278 22.4144
-102.277 22.4131
-102.276 22.4115
-102.274 22.4099
-102.271 22.4084
-102.268 22.4073
-102.267 22.4056
-102.266 22.404
-102.265 22.403
-102.265 22.4002
-102.264 22.3995
-102.262 22.3992
-102.261 22.3988
-102.26 22.3978
-102.26 22.3964
-102.26 22.3954
-102.26 22.3947
-102.258 22.3939
-102.257 22.3933
-102.256 22.3927
-102.255 22.3911
-102.255 22.3887
-102.255 22.3878
-102.254 22.3882
-102.254 22.3889
-102.253 22.3891
-102.251 22.3878
-102.25 22.3873
-102.25 22.3826
-102.25 22.3814
-102.251 22.3803
-102.251 22.3795
-102.253 22.3798
-102.255 22.3794
-102.255 22.3785
-102.255 22.3775
-102.254 22.3767
-102.252 22.3755
-102.252 22.374
-102.252 22.3726
-102.247 22.3754
-102.241 22.3722
-102.23 22.3724
-102.223 22.3699
-102.216 22.3688
-102.212 22.369
-102.21 22.3641
-102.203 22.3643
-102.194 22.3636
-102.185 22.3627
-102.178 22.3634
-102.178 22.363
-102.179 22.3617
-102.18 22.3604
-102.18 22.3594
-102.181 22.3573
-102.181 22.3554
-102.181 22.3526
-102.182 22.3514
-102.183 22.3508
-102.173 22.3505
-102.163 22.3491
-102.157 22.3475
-102.148 22.346
-102.148 22.3351
-102.149 22.3233
-102.15 22.3114
-102.152 22.3019
-102.154 22.2954
-102.154 22.2913
-102.146 22.2917
-102.135 22.2912
-102.122 22.2895
-102.117 22.289
-102.111 22.2862
-102.104 22.2857
-102.098 22.2879
-102.096 22.2929
-102.089 22.2967
-102.085 22.3021
-102.08 22.3077
-102.071 22.3024
-102.064 22.3014
-102.056 22.3004
-102.058 22.2959
-102.061 22.2927
-102.06 22.2879
-102.055 22.2891
-102.051 22.2887
-102.05 22.2854
-102.046 22.2825
-102.042 22.279
-102.039 22.2817
-102.037 22.2786
-102.034 22.2755
-102.026 22.2759
-102.021 22.2757
-102.016 22.2723
-102.012 22.2705
-102.006 22.2687
-102.001 22.2625
-101.998 22.2566
-102.002 22.2518
-102.004 22.2452
-102.007 22.2414
-102.002 22.2377
-102 22.2333
-102 22.2279
-102.002 22.2246
-102.005 22.2207
-102.007 22.2147
-102.011 22.2071
-102.016 22.2019
-102.012 22.1993
-102.01 22.195
-102.007 22.191
-102.004 22.187
-102.002 22.1827
-102.001 22.1772
-102.004 22.1745
-102.007 22.1725
-102.009 22.1691
-102.009 22.1653
-102.009 22.1623
-102.012 22.1602
-102.015 22.1585
-102.017 22.1542
-102.018 22.1475
-102.02 22.1412
-102.021 22.1366
-102.023 22.1318
-102.024 22.1278
-102.019 22.1224
-102.019 22.1173
-102.017 22.113
-102.012 22.1107
-102.007 22.1103
-102.003 22.1097
-102.001 22.1138
-102.001 22.1193
-101.997 22.118
-101.994 22.1187
-101.991 22.1194
-101.99 22.1144
-101.988 22.1094
-101.983 22.1085
-101.98 22.1111
-101.975 22.1112
-101.972 22.1088
-101.971 22.105
-101.969 22.0999
-101.963 22.1018
-101.957 22.1028
-101.951 22.1026
-101.949 22.0977
-101.942 22.0975
-101.938 22.0943
-101.934 22.0926
-101.928 22.0919
-101.927 22.0843
-101.923 22.0777
-101.92 22.0737
-101.916 22.0691
-101.912 22.065
-101.909 22.0611
-101.902 22.057
-101.893 22.0567
-101.887 22.0579
-101.881 22.0571
-101.875 22.0509
-101.87 22.0468
-101.863 22.0399
-101.867 22.0337
-101.868 22.0253
-101.867 22.0191
-101.866 22.013
-101.866 22.007
-101.867 22.0019
-101.863 21.9958
-101.863 21.989
-101.87 21.9826
-101.875 21.9792
-101.884 21.9772
-101.886 21.9761
-101.883 21.9695
-101.881 21.964
-101.88 21.9609
-101.874 21.957
-101.871 21.953
-101.873 21.9494
-101.87 21.9451
-101.865 21.9414
-101.862 21.9397
-101.857 21.9387
-101.854 21.9379
-101.85 21.9373
-101.846 21.9367
-101.849 21.9346
-101.85 21.9343
-101.853 21.9337
-101.859 21.9349
-101.866 21.9353
-101.869 21.9366
-101.87 21.9358
-101.869 21.9342
-101.866 21.9316
-101.865 21.9285
-101.866 21.9242
-101.868 21.9222
-101.873 21.9226
-101.878 21.9239
-101.875 21.9189
-101.878 21.9193
-101.882 21.9188
-101.883 21.916
-101.88 21.9123
-101.88 21.9098
-101.885 21.9097
-101.889 21.907
-101.892 21.9029
-101.9 21.9022
-101.909 21.8993
-101.917 21.8965
-101.925 21.8942
-101.931 21.892
-101.938 21.8897
-101.939 21.8893
-101.94 21.8894
-101.958 21.8832
-101.962 21.8817
-101.972 21.8784
-101.987 21.8733
-101.999 21.8688
-102.015 21.8627
-102.023 21.8608
-102.023 21.8502
-102.031 21.8508
-102.04 21.8526
-102.04 21.8455
-102.039 21.8401
-102.039 21.8357
-102.045 21.8324
-102.044 21.8277
-102.044 21.8222
-102.046 21.8181
-102.052 21.8135
-102.054 21.8062
-102.061 21.8015
-102.065 21.7995
-102.069 21.7981
-102.069 21.7932
-102.064 21.7935
-102.066 21.7875
-102.069 21.7846
-102.073 21.7807
-102.081 21.7821
-102.085 21.7836
-102.089 21.7846
-102.091 21.7828
-102.094 21.7803
-102.096 21.7777
-102.093 21.7724
-102.09 21.7677
-102.095 21.7637
-102.102 21.761
-102.102 21.7609
-102.103 21.7599
-102.103 21.7592
-102.103 21.7584
-102.102 21.757
-102.101 21.7561
-102.101 21.7555
-102.101 21.7551
-102.101 21.7546
-102.102 21.7538
-102.103 21.753
-102.111 21.7495
-102.119 21.748
-102.125 21.7449
-102.13 21.7417
-102.131 21.7368
-102.131 21.7322
-102.131 21.7284
-102.135 21.726
-102.136 21.7217
-102.137 21.7159
-102.14 21.7108
-102.144 21.7061
-102.149 21.7024
-102.156 21.6949
-102.161 21.6917
-102.167 21.6884
-102.173 21.6845
-102.179 21.682
-102.185 21.6823
-102.191 21.6812
-102.198 21.6801
-102.205 21.6743
-102.209 21.6682
-102.214 21.6618
-102.219 21.6565
-102.227 21.6517
-102.235 21.6507
-102.243 21.6534
-102.247 21.6537
-102.251 21.6549
-102.254 21.6554
-102.257 21.6568
-102.258 21.6572
-102.26 21.6576
-102.262 21.6577
-102.264 21.6571
-102.265 21.656
-102.266 21.655
-102.267 21.6541
-102.269 21.6528
-102.271 21.6521
-102.273 21.6518
-102.277 21.6521
-102.28 21.6515
-102.282 21.6516
-102.283 21.6509
-102.285 21.6498
-102.286 21.6494
-102.287 21.6488
-102.289 21.6477
-102.29 21.6472
-102.293 21.6445
-102.296 21.6434
-102.299 21.6436
-102.299 21.6433
-102.3 21.6427
-102.301 21.6423
-102.302 21.6416
-102.303 21.6399
-102.304 21.6397
-102.305 21.6389
-102.306 21.6384
-102.307 21.6383
-102.308 21.6383
-102.311 21.6349
-102.317 21.6304
-102.323 21.6275
-102.328 21.6247
-102.334 21.6244
-102.339 21.6269
-102.344 21.6317
-102.348 21.6371
-102.355 21.6408
-102.361 21.6453
-102.365 21.6503
-102.37 21.6537
-102.374 21.6555
-102.379 21.6615
-102.384 21.6642
-102.392 21.6648
-102.399 21.6687
-102.406 21.6699
-102.413 21.6724
-102.418 21.6719
-102.428 21.6729
-102.436 21.6739
-102.441 21.675
-102.447 21.6753
-102.45 21.6772
-102.45 21.6804
-102.45 21.6832
-102.446 21.6859
-102.442 21.6882
-102.438 21.6915
-102.44 21.695
-102.441 21.6987
-102.443 21.7022
-102.447 21.7041
-102.454 21.7057
-102.459 21.704
-102.465 21.7006
-102.468 21.7014
-102.47 21.7033
-102.474 21.7047
-102.48 21.7014
-102.487 21.7036
-102.492 21.7073
-102.498 21.7112
-102.503 21.7155
-102.507 21.7191
-102.51 21.7224
-102.506 21.7258
-102.502 21.7256
-102.501 21.7282
-102.507 21.7305
-102.513 21.7336
-102.517 21.7387
-102.523 21.7438
-102.53 21.7428
-102.538 21.7468
-102.545 21.751
-102.552 21.7541
-102.558 21.7572
-102.563 21.7575
-102.571 21.7552
-102.577 21.7531
-102.582 21.7493
-102.591 21.7487
-102.601 21.749
-102.607 21.7491
-102.614 21.7498
-102.619 21.748
-102.624 21.7447
-102.629 21.7428
-102.635 21.7479
-102.646 21.7503
-102.654 21.7557
-102.664 21.7607
-102.672 21.7627
-102.68 21.7618
-102.69 21.7604
-102.698 21.7577
-102.703 21.7564
-102.709 21.7527
-102.71 21.7482
-102.709 21.7437
-102.705 21.7395
-102.705 21.7359
-102.708 21.7327
-102.711 21.7296
-102.715 21.7331
-102.718 21.7359
-102.724 21.7341
-102.728 21.7339
-102.728 21.729
-102.729 21.7238
-102.733 21.72
-102.739 21.7186
-102.742 21.7165
-102.746 21.7203
-102.752 21.7244
-102.756 21.726
-102.757 21.729
-102.761 21.7322
-102.767 21.734
-102.769 21.7354
-102.773 21.7391
-102.778 21.7365
-102.78 21.7385
-102.782 21.74
-102.78 21.7416
-102.785 21.7443
-102.787 21.7489
-102.793 21.7547
-102.799 21.7592
-102.806 21.7603
-102.812 21.7643
-102.817 21.768
-102.819 21.77
-102.819 21.7706
-102.82 21.7717
-102.82 21.7724
-102.821 21.773
-102.821 21.7733
-102.821 21.7738
-102.821 21.7751
-102.821 21.7771
-102.821 21.7786
-102.821 21.7792
-102.822 21.78
-102.822 21.781
-102.823 21.7824
-102.827 21.7877
-102.827 21.7891
-102.828 21.7901
-102.829 21.792
-102.83 21.7927
-102.831 21.7945
-102.836 21.7967
-102.84 21.7957
-102.841 21.7995
-102.844 21.8023
-102.846 21.7981
-102.851 21.7969
-102.854 21.8005
-102.853 21.8041
-102.85 21.8062
-102.851 21.8093
-102.849 21.8095
-102.85 21.8133
-102.85 21.8164
-102.846 21.8176
-102.845 21.8206
-102.847 21.823
-102.848 21.8267
-102.848 21.8306
-102.852 21.8322
-102.86 21.8328
-102.862 21.8376
-102.866 21.844
-102.87 21.8454
-102.873 21.8496
-102.874 21.8548
-102.874 21.8594
-102.87 21.8609
-102.868 21.8607
-102.867 21.8619
-102.864 21.8632
-102.863 21.865
-102.863 21.866
-102.863 21.8667
-102.864 21.8687
-102.867 21.872
-102.866 21.8753
-102.862 21.8771
-102.863 21.8804
-102.858 21.8827
-102.854 21.891
-102.853 21.8979
-102.85 21.9027
-102.85 21.9072
-102.849 21.9105
-102.848 21.9131
-102.845 21.9187
-102.842 21.93
-102.841 21.9391
-102.838 21.9434
-102.832 21.9453
-102.825 21.9529
-102.822 21.956
-102.822 21.9593
-102.821 21.9615
-102.817 21.9701
-102.814 21.9752
-102.813 21.983
-102.81 21.9874
-102.807 21.993
-102.8 22.0038
-102.794 22.0123
-102.791 22.0155
-102.787 22.0169
-102.783 22.0211
-102.782 22.0246
-102.782 22.028
-102.78 22.0296
-102.777 22.0317
-102.776 22.0342
-102.773 22.0371
-102.77 22.0385
-102.768 22.043
-102.766 22.0442
-102.764 22.0452
-102.761 22.0471
-102.756 22.0591
-102.755 22.0723
-102.745 22.0798
-102.734 22.0853
-102.724 22.0898
-102.72 22.0905
-102.707 22.0989
-102.7 22.1017
-102.697 22.1019
-102.691 22.1086
-102.69 22.1112
-102.688 22.1202
-102.685 22.131
-102.683 22.1404
-102.682 22.1448
-102.68 22.1506
-102.675 22.1486
-102.672 22.1541
-102.67 22.1574
-102.667 22.163
-102.67 22.166
-102.67 22.1746
-102.67 22.1835
-102.665 22.1855
-102.66 22.1922
-102.657 22.1989
-102.653 22.2067
-102.649 22.2143
-102.644 22.2226
-102.637 22.2304
-102.646 22.236
-102.655 22.2403
-102.662 22.2438
-102.668 22.2463
-102.669 22.2572
-102.669 22.2661
-102.669 22.2756
-102.669 22.2844
-102.669 22.2897
-102.67 22.2974
-102.656 22.2959
-102.643 22.2953
-102.631 22.2955
-102.62 22.2951
-102.617 22.2956
-102.599 22.2956
-102.588 22.2947
-102.572 22.2939
-102.557 22.2939
-102.544 22.2941
-102.53 22.2948
-102.52 22.2944
-102.512 22.2939
-102.506 22.3006
-102.503 22.3079
-102.494 22.3055
-102.487 22.304
-102.485 22.3102
-102.475 22.3091
-102.466 22.3112
-102.451 22.3142
-102.454 22.3235
-102.455 22.3302
-102.455 22.3352
-102.456 22.3386
-102.461 22.3392
-102.466 22.3402
-102.469 22.3409
-102.47 22.3467
-102.468 22.3532
-102.453 22.355
-102.437 22.3597
-102.421 22.3612
-102.408 22.3637
-102.397 22.3665
-102.389 22.3695
-102.385 22.3643
-102.38 22.3605
-102.373 22.3683
-102.365 22.377
-102.36 22.3829
-102.357 22.3902
-102.346 22.3907
-102.332 22.3917
-102.322 22.3927
-102.32 22.4049
-102.32 22.4146
-102.319 22.4204
-102.316 22.4276
-102.313 22.4338
-102.312 22.4423
-102.312 22.4493
-102.311 22.4563
-102.304 22.4575
-102.298 22.4588
-102.293 22.4339
-102.292 22.4284
-102.292 22.4263
-102.291 22.4238
-102.29 22.4201
-102.29 22.42
-102.289 22.4186
-102.286 22.417
-102.285 22.4168
-102.283 22.4159
-102.282 22.4147
-102.282 22.4147
