-100.733 24.47
-100.668 24.4593
-100.648 24.4429
-100.618 24.4221
-100.603 24.3947
-100.602 24.364
-100.609 24.3285
-100.615 24.3001
-100.626 24.2583
-100.626 24.2312
-100.597 24.2301
-100.59 24.2063
-100.594 24.1869
-100.574 24.1595
-100.552 24.15
-100.526 24.1467
-100.534 24.1236
-100.533 24.1023
-100.533 24.0772
-100.533 24.0421
-100.541 24.0142
-100.547 23.9779
-100.553 23.9442
-100.548 23.9054
-100.539 23.8855
-100.546 23.8587
-100.528 23.8261
-100.505 23.8019
-100.492 23.768
-100.495 23.7361
-100.486 23.7185
-100.476 23.6948
-100.473 23.664
-100.485 23.6245
-100.494 23.5934
-100.473 23.5655
-100.464 23.5382
-100.486 23.5317
-100.5 23.515
-100.49 23.4969
-100.484 23.4666
-100.492 23.4361
-100.489 23.4123
-100.465 23.3894
-100.451 23.378
-100.441 23.353
-100.446 23.3265
-100.447 23.2955
-100.454 23.2646
-100.468 23.2308
-100.486 23.196
-100.46 23.1804
-100.427 23.1742
-100.408 23.1717
-100.385 23.1679
-100.349 23.1622
-100.334 23.1812
-100.323 23.1944
-100.318 23.2189
-100.311 23.2453
-100.297 23.2808
-100.286 23.2998
-100.255 23.2974
-100.22 23.3003
-100.22 23.2647
-100.188 23.2458
-100.162 23.2411
-100.133 23.2342
-100.102 23.2291
-100.108 23.2037
-100.119 23.1681
-100.111 23.1382
-100.083 23.1223
-100.068 23.0935
-100.035 23.0768
-100.038 23.0525
-100.057 23.0401
-100.065 23.0039
-100.091 23.0057
-100.114 23.0049
-100.126 22.9778
-100.122 22.9231
-100.053 22.9231
-100.04 22.8337
-100.078 22.7999
-100.039 22.8049
-100.022 22.7931
-100.005 22.7651
-99.9791 22.7516
-99.9584 22.7531
-99.9276 22.7457
-99.9201 22.7659
-99.849 22.735
-99.8482 22.6761
-99.8246 22.6605
-99.7945 22.6637
-99.7738 22.6609
-99.7457 22.6549
-99.7146 22.6622
-99.6524 22.6872
-99.6671 22.6647
-99.568 22.6341
-99.5385 22.6005
-99.5214 22.6195
-99.5439 22.6643
-99.5465 22.7119
-99.5437 22.743
-99.516 22.7334
-99.4984 22.7063
-99.4755 22.6774
-99.4649 22.662
-99.4415 22.6568
-99.4112 22.6587
-99.3905 22.6578
-99.3829 22.6379
-99.3801 22.6197
-99.3403 22.6258
-99.3081 22.5836
-99.2987 22.552
-99.2922 22.5335
-99.2848 22.5128
-99.2779 22.4964
-99.2668 22.4713
-99.2546 22.4466
-99.2425 22.4325
-99.2356 22.4133
-99.2074 22.4103
-99.1634 22.4094
-99.1109 22.4097
-99.0903 22.413
-99.0684 22.4176
-99.0104 22.4056
-99.0085 22.3892
-98.9834 22.3832
-98.9343 22.3742
-98.9175 22.3464
-98.8974 22.3257
-98.877 22.327
-98.8375 22.3237
-98.8094 22.3244
-98.7877 22.3287
-98.7487 22.3428
-98.7199 22.3567
-98.7028 22.3639
-98.6853 22.3506
-98.6569 22.341
-98.6373 22.3694
-98.5779 22.3682
-98.5501 22.3683
-98.5197 22.3545
-98.4782 22.3336
-98.4493 22.3185
-98.4138 22.3033
-98.3839 22.2888
-98.3748 22.2745
-98.3684 22.2446
-98.3453 22.2332
-98.3476 22.2059
-98.3546 22.1729
-98.3808 22.1566
-98.4177 22.1404
-98.4355 22.1145
-98.4226 22.0965
-98.4417 22.0655
-98.4436 22.0321
-98.4562 22.0191
-98.4839 22.0306
-98.492 21.9955
-98.4829 21.9609
-98.5107 21.9714
-98.5438 21.965
-98.5608 21.9671
-98.5646 21.9378
-98.5375 21.9408
-98.5164 21.9168
-98.5388 21.8947
-98.529 21.8629
-98.5214 21.8444
-98.5014 21.8335
-98.4841 21.8144
-98.4695 21.7969
-98.4703 21.7656
-98.4837 21.7534
-98.4997 21.7308
-98.5229 21.7115
-98.5345 21.701
-98.5574 21.6928
-98.5845 21.67
-98.6021 21.6703
-98.6229 21.6531
-98.6211 21.6234
-98.6227 21.5957
-98.6121 21.575
-98.5945 21.5359
-98.5769 21.5259
-98.5634 21.5104
-98.5325 21.4848
-98.5147 21.461
-98.5119 21.4344
-98.5226 21.4044
-98.5064 21.3872
-98.5277 21.3677
-98.5607 21.3777
-98.5839 21.3708
-98.6152 21.3584
-98.6429 21.335
-98.645 21.3048
-98.6157 21.3049
-98.6032 21.2634
-98.6026 21.2279
-98.6213 21.1989
-98.6418 21.1955
-98.683 21.1953
-98.715 21.187
-98.7465 21.1877
-98.7767 21.1796
-98.8018 21.1662
-98.8368 21.1711
-98.8541 21.192
-98.8808 21.1991
-98.8936 21.2127
-98.9173 21.2425
-98.932 21.2687
-98.9361 21.2856
-98.9569 21.3048
-98.9848 21.2989
-99.004 21.2978
-99.0405 21.2829
-99.0668 21.2791
-99.0806 21.2917
-99.1154 21.3025
-99.1365 21.3228
-99.1304 21.3426
-99.1112 21.3633
-99.121 21.3868
-99.1023 21.407
-99.1093 21.4261
-99.1228 21.4473
-99.1253 21.4659
-99.1299 21.502
-99.1396 21.5185
-99.1379 21.5441
-99.1319 21.5661
-99.1342 21.5874
-99.1485 21.5997
-99.1582 21.6231
-99.1666 21.6457
-99.1835 21.6619
-99.2183 21.6576
-99.2351 21.6284
-99.2546 21.6107
-99.2773 21.6067
-99.277 21.5724
-99.2906 21.5482
-99.3218 21.5332
-99.3399 21.5459
-99.3675 21.5522
-99.3706 21.5203
-99.3758 21.5026
-99.3841 21.4804
-99.3972 21.4512
-99.4076 21.4289
-99.4273 21.4421
-99.4556 21.4456
-99.4735 21.4402
-99.4901 21.422
-99.513 21.4251
-99.5475 21.4288
-99.5625 21.451
-99.5879 21.4708
-99.6002 21.4862
-99.6261 21.5205
-99.6453 21.5478
-99.6584 21.5674
-99.6795 21.5704
-99.7187 21.568
-99.7569 21.561
-99.7555 21.5345
-99.7713 21.5067
-99.792 21.4843
-99.8195 21.4824
-99.8427 21.479
-99.8708 21.474
-99.8858 21.4635
-99.9054 21.4522
-99.9263 21.4605
-99.9584 21.4851
-99.9655 21.5152
-100 21.5262
-100.022 21.5248
-100.042 21.5312
-100.061 21.5332
-100.08 21.5574
-100.097 21.5664
-100.115 21.5792
-100.136 21.6018
-100.151 21.6141
-100.172 21.6267
-100.195 21.6429
-100.23 21.658
-100.26 21.6679
-100.286 21.6605
-100.303 21.6412
-100.327 21.6508
-100.356 21.6708
-100.375 21.6697
-100.399 21.6789
-100.424 21.6856
-100.441 21.6784
-100.456 21.6528
-100.461 21.6322
-100.472 21.612
-100.465 21.5782
-100.46 21.5538
-100.476 21.5411
-100.5 21.5426
-100.529 21.5446
-100.549 21.5323
-100.572 21.5278
-100.594 21.5127
-100.613 21.5279
-100.637 21.5306
-100.663 21.5318
-100.679 21.54
-100.7 21.546
-100.727 21.5547
-100.738 21.5708
-100.765 21.5829
-100.786 21.5826
-100.81 21.5863
-100.839 21.6018
-100.849 21.6299
-100.844 21.6609
-100.862 21.6736
-100.886 21.67
-100.905 21.6827
-100.927 21.7078
-100.948 21.7259
-100.975 21.7409
-101.011 21.7503
-101.033 21.7506
-101.059 21.7551
-101.08 21.7549
-101.106 21.7483
-101.144 21.7447
-101.165 21.7495
-101.197 21.7726
-101.215 21.7858
-101.219 21.8039
-101.261 21.8136
-101.285 21.8084
-101.305 21.8154
-101.322 21.8228
-101.363 21.8264
-101.395 21.8209
-101.421 21.8115
-101.457 21.8104
-101.48 21.8207
-101.49 21.8432
-101.498 21.8719
-101.475 21.8822
-101.463 21.8957
-101.436 21.9231
-101.415 21.9365
-101.403 21.9564
-101.389 21.9695
-101.377 21.9902
-101.37 22.0077
-101.362 22.0338
-101.356 22.0528
-101.354 22.0807
-101.375 22.0961
-101.377 22.1247
-101.375 22.1441
-101.363 22.1608
-101.348 22.1857
-101.355 22.2173
-101.37 22.2334
-101.387 22.2509
-101.402 22.2652
-101.398 22.2886
-101.394 22.3117
-101.38 22.3259
-101.388 22.3519
-101.382 22.3757
-101.38 22.393
-101.38 22.4234
-101.382 22.4461
-101.356 22.4464
-101.339 22.4476
-101.319 22.4759
-101.315 22.4915
-101.297 22.5027
-101.299 22.5266
-101.298 22.5546
-101.309 22.5836
-101.323 22.6075
-101.34 22.6293
-101.37 22.6452
-101.388 22.6626
-101.412 22.6889
-101.432 22.7003
-101.454 22.7046
-101.483 22.6927
-101.519 22.6885
-101.552 22.6668
-101.578 22.6495
-101.582 22.6296
-101.584 22.6049
-101.593 22.5817
-101.608 22.5718
-101.628 22.5534
-101.647 22.5216
-101.676 22.5102
-101.704 22.5034
-101.72 22.4941
-101.752 22.4825
-101.776 22.489
-101.798 22.4687
-101.817 22.4774
-101.83 22.5034
-101.845 22.5115
-101.854 22.532
-101.868 22.5591
-101.861 22.5828
-101.86 22.6239
-101.855 22.6448
-101.88 22.6557
-101.897 22.6426
-101.923 22.6472
-101.938 22.6622
-101.941 22.686
-101.957 22.7055
-101.97 22.72
-101.993 22.7159
-102.027 22.7235
-102.052 22.7249
-102.065 22.7453
-102.084 22.7435
-102.09 22.7711
-102.088 22.7889
-102.112 22.8003
-102.131 22.7958
-102.159 22.794
-102.184 22.8038
-102.201 22.8301
-102.203 22.8639
-102.216 22.8938
-102.238 22.9114
-102.237 22.9456
-102.253 22.967
-102.264 22.9882
-102.247 23.0177
-102.232 23.0414
-102.232 23.0755
-102.24 23.0895
-102.232 23.1209
-102.229 23.1493
-102.238 23.1808
-102.252 23.2137
-102.269 23.2219
-102.288 23.2324
-102.286 23.2572
-102.271 23.2706
-102.281 23.301
-102.261 23.3298
-102.241 23.3593
-102.228 23.3858
-102.229 23.4073
-102.231 23.4319
-102.213 23.4452
-102.186 23.4368
-102.184 23.4125
-102.169 23.3987
-102.159 23.373
-102.131 23.3557
-102.096 23.3555
-102.059 23.363
-102.032 23.367
-102.001 23.3696
-101.973 23.3689
-101.959 23.3848
-101.96 23.4109
-101.947 23.4482
-101.923 23.467
-101.911 23.4853
-101.899 23.4993
-101.89 23.5196
-101.858 23.5399
-101.841 23.5449
-101.821 23.5322
-101.81 23.5053
-101.802 23.4766
-101.806 23.453
-101.778 23.4391
-101.746 23.4685
-101.727 23.4885
-101.702 23.5112
-101.677 23.535
-101.649 23.5568
-101.624 23.5748
-101.605 23.5903
-101.587 23.6046
-101.57 23.6208
-101.55 23.6339
-101.528 23.6488
-101.506 23.6675
-101.476 23.6941
-101.455 23.7095
-101.439 23.7257
-101.409 23.7469
-101.393 23.7611
-101.372 23.7776
-101.357 23.7928
-101.344 23.8126
-101.332 23.8331
-101.309 23.8512
-101.277 23.8624
-101.263 23.8737
-101.235 23.8916
-101.209 23.9086
-101.193 23.9183
-101.194 23.9498
-101.197 23.9676
-101.198 23.996
-101.203 24.0238
-101.205 24.0514
-101.209 24.0708
-101.213 24.1062
-101.214 24.125
-101.204 24.1642
-101.18 24.1624
-101.152 24.157
-101.129 24.1457
-101.115 24.1321
-101.091 24.1157
-101.068 24.1223
-101.046 24.1414
-101.03 24.1475
-101.029 24.1812
-101.037 24.1995
-101.022 24.2337
-100.999 24.2525
-100.982 24.2598
-100.963 24.2734
-100.948 24.2823
-100.931 24.2925
-100.911 24.3046
-100.894 24.3159
-100.863 24.3366
-100.846 24.3454
-100.833 24.3616
-100.808 24.3873
-100.787 24.4121
-100.775 24.4248
-100.751 24.4514
-100.733 24.47
