-100.743 24.4703
-100.741 24.463
-100.733 24.47
-100.668 24.4593
-100.659 24.4519
-100.648 24.4429
-100.63 24.4302
-100.618 24.4221
-100.604 24.4111
-100.603 24.3947
-100.602 24.3787
-100.602 24.364
-100.603 24.3518
-100.606 24.3402
-100.609 24.3285
-100.612 24.3136
-100.615 24.3001
-100.618 24.2859
-100.62 24.2721
-100.626 24.2583
-100.629 24.2441
-100.626 24.2312
-100.61 24.2306
-100.597 24.2301
-100.583 24.2289
-100.586 24.2173
-100.59 24.2063
-100.592 24.195
-100.594 24.1869
-100.606 24.1875
-100.616 24.1824
-100.604 24.1759
-100.589 24.167
-100.574 24.1595
-100.561 24.15
-100.552 24.15
-100.54 24.1466
-100.526 24.1467
-100.511 24.1417
-100.51 24.1325
-100.51 24.123
-100.522 24.1218
-100.534 24.1236
-100.536 24.1166
-100.536 24.1106
-100.533 24.1023
-100.528 24.0919
-100.525 24.0795
-100.537 24.0818
-100.55 24.085
-100.562 24.0864
-100.553 24.0816
-100.548 24.0801
-100.541 24.0794
-100.533 24.0772
-100.521 24.0737
-100.527 24.0607
-100.533 24.0421
-100.537 24.0287
-100.541 24.0142
-100.543 23.9909
-100.547 23.9779
-100.551 23.9579
-100.553 23.9442
-100.557 23.9288
-100.557 23.919
-100.547 23.9157
-100.548 23.9054
-100.55 23.8884
-100.539 23.8855
-100.543 23.8709
-100.546 23.8587
-100.549 23.8409
-100.54 23.8399
-100.527 23.8379
-100.528 23.8261
-100.527 23.8148
-100.515 23.8088
-100.505 23.8019
-100.495 23.7956
-100.493 23.7873
-100.495 23.7773
-100.492 23.768
-100.496 23.7578
-100.493 23.7526
-100.495 23.7447
-100.495 23.7361
-100.491 23.7266
-100.486 23.7185
-100.48 23.7031
-100.476 23.6948
-100.467 23.6915
-100.467 23.6854
-100.472 23.676
-100.473 23.664
-100.478 23.6566
-100.473 23.6495
-100.476 23.6434
-100.48 23.6383
-100.485 23.6245
-100.493 23.6149
-100.492 23.6049
-100.494 23.5934
-100.495 23.5795
-100.484 23.5785
-100.474 23.5768
-100.473 23.5655
-100.474 23.5538
-100.469 23.5473
-100.464 23.5382
-100.465 23.5275
-100.466 23.5225
-100.476 23.5282
-100.486 23.5317
-100.499 23.5382
-100.499 23.5253
-100.5 23.515
-100.501 23.5011
-100.49 23.4969
-100.479 23.4922
-100.482 23.4787
-100.484 23.4666
-100.487 23.4524
-100.492 23.4361
-100.496 23.4195
-100.489 23.4123
-100.477 23.4003
-100.465 23.3894
-100.451 23.378
-100.44 23.3663
-100.441 23.353
-100.443 23.3395
-100.446 23.3265
-100.447 23.3127
-100.447 23.2955
-100.45 23.2799
-100.454 23.2646
-100.455 23.2494
-100.462 23.2417
-100.468 23.2308
-100.473 23.2206
-100.478 23.2111
-100.482 23.2033
-100.486 23.196
-100.482 23.1859
-100.472 23.1807
-100.46 23.1804
-100.445 23.1764
-100.427 23.1742
-100.408 23.1717
-100.385 23.1679
-100.364 23.164
-100.349 23.1622
-100.342 23.1728
-100.334 23.1812
-100.324 23.1865
-100.323 23.1944
-100.321 23.2025
-100.32 23.2091
-100.318 23.2189
-100.315 23.2326
-100.311 23.2453
-100.309 23.2583
-100.303 23.2689
-100.297 23.2808
-100.293 23.291
-100.286 23.2998
-100.27 23.2988
-100.255 23.2974
-100.233 23.2956
-100.221 23.2938
-100.22 23.3003
-100.218 23.3092
-100.206 23.3044
-100.21 23.2958
-100.211 23.2883
-100.216 23.2769
-100.22 23.2647
-100.227 23.2534
-100.215 23.2499
-100.203 23.2496
-100.188 23.2458
-100.174 23.2425
-100.162 23.2411
-100.148 23.2365
-100.133 23.2342
-100.114 23.2296
-100.102 23.2291
-100.104 23.2181
-100.107 23.213
-100.108 23.2037
-100.11 23.1924
-100.119 23.1953
-100.119 23.1815
-100.119 23.1681
-100.117 23.1493
-100.109 23.1498
-100.111 23.1382
-100.114 23.1237
-100.1 23.1243
-100.083 23.1223
-100.066 23.1192
-100.067 23.1089
-100.068 23.0935
-100.056 23.0865
-100.048 23.081
-100.035 23.0768
-100.025 23.0705
-100.013 23.0663
-100.012 23.0598
-100.024 23.0594
-100.029 23.051
-100.038 23.0525
-100.047 23.0461
-100.057 23.0401
-100.066 23.0298
-100.062 23.021
-100.059 23.0111
-100.065 23.0039
-100.065 22.9966
-100.072 22.9933
-100.08 22.9951
-100.086 23.0012
-100.091 23.0057
-100.114 23.0049
-100.103 22.9712
-100.126 22.9778
-100.122 22.9231
-100.053 22.9231
-100.04 22.8337
-100.078 22.7999
-100.039 22.8049
-100.022 22.7931
-100.021 22.7768
-100.018 22.7753
-100.005 22.7651
-99.9791 22.7516
-99.9584 22.7531
-99.9276 22.7457
-99.9201 22.7659
-99.849 22.735
-99.8494 22.6786
-99.8482 22.6761
-99.8411 22.6709
-99.838 22.6656
-99.8299 22.6648
-99.8246 22.6605
-99.8147 22.6602
-99.8113 22.6554
-99.8006 22.6627
-99.7945 22.6637
-99.7849 22.6631
-99.7738 22.6609
-99.7591 22.6558
-99.7457 22.6549
-99.7146 22.6622
-99.6524 22.6872
-99.6671 22.6647
-99.568 22.6341
-99.5385 22.6005
-99.5235 22.6022
-99.5179 22.6027
-99.5214 22.6195
-99.532 22.6637
-99.5439 22.6643
-99.5462 22.7
-99.5465 22.7119
-99.5485 22.7286
-99.5519 22.736
-99.5437 22.743
-99.5169 22.7458
-99.516 22.7334
-99.5152 22.7191
-99.5074 22.7151
-99.4984 22.7063
-99.4896 22.7125
-99.486 22.706
-99.4831 22.6989
-99.4809 22.6886
-99.4755 22.6774
-99.4707 22.6682
-99.4649 22.662
-99.4523 22.661
-99.4415 22.6568
-99.432 22.6548
-99.4237 22.6534
-99.4112 22.6587
-99.3982 22.6621
-99.3905 22.6578
-99.3891 22.6493
-99.3864 22.6439
-99.3829 22.6379
-99.3801 22.6197
-99.3403 22.6258
-99.3104 22.591
-99.3081 22.5836
-99.3027 22.5653
-99.2987 22.552
-99.2922 22.5335
-99.2848 22.5128
-99.2779 22.4964
-99.2737 22.4808
-99.2668 22.4713
-99.2595 22.4662
-99.259 22.46
-99.2602 22.4524
-99.2546 22.4466
-99.2486 22.4396
-99.2425 22.4325
-99.2356 22.4133
-99.2074 22.4103
-99.1634 22.4094
-99.1207 22.4082
-99.1109 22.4097
-99.0903 22.413
-99.0684 22.4176
-99.0104 22.4056
-99.0085 22.3892
-98.9834 22.3832
-98.9343 22.3742
-98.9238 22.359
-98.9175 22.3464
-98.9006 22.3275
-98.8974 22.3257
-98.8876 22.3216
-98.877 22.327
-98.8716 22.3308
-98.8656 22.3309
-98.8587 22.3287
-98.8527 22.3319
-98.8375 22.3237
-98.8304 22.3196
-98.8201 22.3213
-98.8094 22.3244
-98.7985 22.3266
-98.7877 22.3287
-98.7735 22.3303
-98.7615 22.3325
-98.7512 22.3358
-98.7487 22.3428
-98.7362 22.3457
-98.7311 22.3511
-98.7199 22.3567
-98.7028 22.3639
-98.6817 22.3699
-98.6844 22.358
-98.6853 22.3506
-98.6861 22.3404
-98.6886 22.3301
-98.6867 22.3198
-98.6772 22.3236
-98.6682 22.327
-98.6606 22.3331
-98.6569 22.341
-98.6515 22.3498
-98.6452 22.3548
-98.6418 22.3636
-98.6373 22.3694
-98.5779 22.3682
-98.5501 22.3683
-98.5197 22.3545
-98.4868 22.3382
-98.4782 22.3336
-98.4517 22.3196
-98.4493 22.3185
-98.4275 22.3092
-98.4138 22.3033
-98.3839 22.2888
-98.3784 22.2827
-98.3748 22.2745
-98.3706 22.2621
-98.3687 22.2562
-98.3684 22.2446
-98.3714 22.2315
-98.3622 22.2327
-98.3545 22.2349
-98.3453 22.2332
-98.3534 22.2082
-98.3476 22.2059
-98.3372 22.202
-98.3306 22.1998
-98.3365 22.1843
-98.3387 22.1812
-98.3473 22.1763
-98.3546 22.1729
-98.3634 22.1676
-98.372 22.1624
-98.3808 22.1566
-98.3952 22.1466
-98.4022 22.141
-98.4115 22.1409
-98.4177 22.1404
-98.4244 22.1334
-98.4313 22.1281
-98.4319 22.1207
-98.4355 22.1145
-98.4306 22.109
-98.4253 22.1063
-98.4226 22.0965
-98.4293 22.0905
-98.4339 22.0849
-98.4384 22.0776
-98.4417 22.0655
-98.4351 22.0562
-98.4427 22.0481
-98.4452 22.0405
-98.4436 22.0321
-98.4485 22.0213
-98.4562 22.0191
-98.4628 22.0207
-98.4686 22.0247
-98.4747 22.0281
-98.4839 22.0306
-98.4931 22.0352
-98.499 22.0287
-98.4982 22.0203
-98.495 22.0138
-98.4987 22.0053
-98.492 21.9955
-98.4914 21.9865
-98.4864 21.9828
-98.4785 21.9835
-98.471 21.9766
-98.4648 21.9699
-98.4726 21.9635
-98.4829 21.9609
-98.4926 21.9615
-98.5014 21.9647
-98.5107 21.9714
-98.5186 21.9778
-98.5234 21.9795
-98.5337 21.9738
-98.5384 21.9698
-98.5438 21.965
-98.5515 21.9616
-98.5608 21.9671
-98.5734 21.9695
-98.5793 21.9675
-98.5797 21.958
-98.5775 21.9522
-98.5718 21.9431
-98.5646 21.9378
-98.5547 21.9348
-98.547 21.9348
-98.5375 21.9408
-98.5318 21.9484
-98.5216 21.9506
-98.5117 21.9489
-98.5054 21.9392
-98.5009 21.9326
-98.5074 21.927
-98.5133 21.9294
-98.5209 21.9318
-98.529 21.9338
-98.5367 21.9344
-98.5422 21.9332
-98.5458 21.9277
-98.5419 21.9182
-98.5336 21.9188
-98.5259 21.916
-98.5164 21.9168
-98.5114 21.9092
-98.5126 21.9037
-98.517 21.899
-98.5232 21.8983
-98.5325 21.9049
-98.5382 21.9065
-98.5388 21.8947
-98.5446 21.8856
-98.5421 21.88
-98.5421 21.8701
-98.5432 21.86
-98.529 21.8629
-98.5245 21.8523
-98.5214 21.8444
-98.518 21.8301
-98.5079 21.8253
-98.5014 21.8335
-98.4923 21.8382
-98.4878 21.8302
-98.493 21.8218
-98.4929 21.8153
-98.4841 21.8144
-98.4764 21.8135
-98.4763 21.8053
-98.4695 21.7969
-98.4626 21.7885
-98.4627 21.7814
-98.4602 21.7756
-98.4564 21.7707
-98.4604 21.7635
-98.4703 21.7656
-98.4745 21.7613
-98.4808 21.7602
-98.4837 21.7534
-98.4783 21.7437
-98.4844 21.7382
-98.4928 21.735
-98.4997 21.7308
-98.5088 21.7265
-98.5136 21.7229
-98.52 21.7141
-98.5259 21.7201
-98.5315 21.7138
-98.5229 21.7115
-98.5236 21.703
-98.5345 21.701
-98.5376 21.7107
-98.5406 21.7156
-98.5486 21.722
-98.5552 21.7166
-98.5612 21.7161
-98.5697 21.7126
-98.5688 21.7057
-98.5577 21.6993
-98.5574 21.6928
-98.5631 21.6821
-98.5734 21.6753
-98.5779 21.6719
-98.5845 21.67
-98.5952 21.6685
-98.6021 21.6703
-98.6105 21.6767
-98.6183 21.6828
-98.6249 21.6752
-98.6173 21.6704
-98.6147 21.6629
-98.6229 21.6531
-98.633 21.6514
-98.6344 21.6411
-98.6387 21.633
-98.6309 21.6277
-98.6254 21.6286
-98.6211 21.6234
-98.6198 21.6156
-98.6189 21.6081
-98.62 21.6006
-98.6227 21.5957
-98.6238 21.5859
-98.6199 21.5821
-98.6121 21.575
-98.6059 21.5644
-98.5997 21.5596
-98.5995 21.5496
-98.6003 21.5402
-98.5945 21.5359
-98.5826 21.5298
-98.5769 21.5259
-98.5669 21.5202
-98.5634 21.5104
-98.5565 21.504
-98.5578 21.4959
-98.5521 21.4906
-98.5463 21.4904
-98.5351 21.4894
-98.5325 21.4848
-98.5272 21.4795
-98.5227 21.476
-98.5202 21.4687
-98.5147 21.461
-98.5191 21.4498
-98.5103 21.4454
-98.5119 21.4344
-98.5162 21.4175
-98.5226 21.4044
-98.5123 21.395
-98.5064 21.3872
-98.506 21.3804
-98.5113 21.3771
-98.5092 21.3699
-98.5142 21.364
-98.5203 21.3643
-98.5277 21.3677
-98.533 21.3766
-98.5424 21.3836
-98.5518 21.3804
-98.5607 21.3777
-98.5674 21.3722
-98.5758 21.3739
-98.5839 21.3708
-98.5937 21.3654
-98.602 21.3587
-98.6152 21.3584
-98.6206 21.3511
-98.6273 21.3445
-98.6385 21.3425
-98.6429 21.335
-98.651 21.3211
-98.6473 21.3143
-98.645 21.3048
-98.6323 21.3036
-98.6265 21.3091
-98.6157 21.3049
-98.6059 21.3003
-98.602 21.2954
-98.6003 21.2857
-98.6032 21.2791
-98.6058 21.2686
-98.6032 21.2634
-98.5981 21.2548
-98.5976 21.2477
-98.6019 21.24
-98.6026 21.2279
-98.6041 21.218
-98.6068 21.2089
-98.6084 21.1985
-98.6147 21.1943
-98.6213 21.1989
-98.6299 21.1937
-98.6354 21.1881
-98.6418 21.1955
-98.677 21.2001
-98.683 21.1953
-98.6915 21.1886
-98.6943 21.1805
-98.693 21.1717
-98.7002 21.1652
-98.7035 21.1742
-98.7013 21.1802
-98.7056 21.1866
-98.715 21.187
-98.7235 21.183
-98.7323 21.1833
-98.741 21.1848
-98.7465 21.1877
-98.7616 21.188
-98.7663 21.1843
-98.7767 21.1796
-98.7859 21.1865
-98.7943 21.1855
-98.7987 21.1912
-98.8055 21.1875
-98.7972 21.1798
-98.7901 21.1775
-98.7905 21.1678
-98.7959 21.1628
-98.8018 21.1662
-98.8118 21.1647
-98.8197 21.1628
-98.8298 21.1673
-98.8368 21.1711
-98.843 21.1778
-98.8416 21.1863
-98.8419 21.1963
-98.8541 21.192
-98.8632 21.1909
-98.8719 21.1944
-98.8808 21.1991
-98.8883 21.2066
-98.8936 21.2127
-98.902 21.216
-98.905 21.2202
-98.9146 21.2287
-98.907 21.2338
-98.908 21.242
-98.9173 21.2425
-98.9182 21.2535
-98.923 21.2594
-98.932 21.2687
-98.9361 21.2856
-98.9426 21.3162
-98.9459 21.3119
-98.9569 21.3048
-98.965 21.3066
-98.9741 21.3037
-98.9777 21.2977
-98.9848 21.2989
-98.9963 21.2987
-99.004 21.2978
-99.0115 21.2965
-99.0172 21.2937
-99.0254 21.2884
-99.033 21.2864
-99.0405 21.2829
-99.05 21.2825
-99.0559 21.278
-99.0668 21.2791
-99.0712 21.2815
-99.0748 21.2868
-99.0806 21.2917
-99.0916 21.289
-99.0982 21.288
-99.1056 21.2947
-99.1154 21.3025
-99.1231 21.3078
-99.1268 21.3126
-99.0993 21.3142
-99.1035 21.3221
-99.1184 21.3213
-99.13 21.3173
-99.1365 21.3228
-99.1441 21.3299
-99.1394 21.335
-99.1304 21.3426
-99.1212 21.3576
-99.1112 21.3633
-99.1231 21.3796
-99.121 21.3868
-99.1181 21.3938
-99.1153 21.3986
-99.1073 21.4038
-99.1023 21.407
-99.1056 21.4172
-99.1093 21.4261
-99.1138 21.4338
-99.116 21.4386
-99.1228 21.4473
-99.1253 21.4659
-99.1265 21.4786
-99.1258 21.4863
-99.1299 21.502
-99.1351 21.5124
-99.1396 21.5185
-99.1417 21.532
-99.1408 21.538
-99.1379 21.5441
-99.1378 21.553
-99.1331 21.557
-99.1319 21.5661
-99.1306 21.5796
-99.1342 21.5874
-99.143 21.5937
-99.1485 21.5997
-99.1416 21.6087
-99.147 21.6132
-99.1536 21.6195
-99.1582 21.6231
-99.1666 21.6457
-99.1835 21.6619
-99.1913 21.6693
-99.2006 21.666
-99.2101 21.6675
-99.2197 21.6647
-99.2183 21.6576
-99.2217 21.6492
-99.2241 21.6423
-99.2249 21.6343
-99.2351 21.6284
-99.2416 21.6228
-99.2434 21.617
-99.2546 21.6107
-99.2613 21.6112
-99.2693 21.6084
-99.2773 21.6067
-99.2816 21.5999
-99.2823 21.5941
-99.2821 21.5868
-99.2786 21.5781
-99.277 21.5724
-99.2767 21.5638
-99.2829 21.5592
-99.29 21.5539
-99.2906 21.5482
-99.2986 21.5406
-99.3031 21.5354
-99.3139 21.5344
-99.3218 21.5332
-99.33 21.5358
-99.3347 21.5398
-99.3399 21.5459
-99.3451 21.5497
-99.3518 21.5518
-99.3599 21.5537
-99.3675 21.5522
-99.3756 21.5477
-99.3769 21.5382
-99.3773 21.5283
-99.3706 21.5203
-99.3715 21.509
-99.3758 21.5026
-99.3831 21.5003
-99.3871 21.4939
-99.3839 21.4869
-99.3841 21.4804
-99.3886 21.4705
-99.3921 21.4656
-99.3975 21.4577
-99.3972 21.4512
-99.3987 21.4421
-99.4015 21.4364
-99.4076 21.4289
-99.4162 21.4305
-99.4203 21.4346
-99.4273 21.4421
-99.434 21.4491
-99.4424 21.4466
-99.4556 21.4456
-99.4665 21.4471
-99.4735 21.4402
-99.479 21.4357
-99.4856 21.4325
-99.4901 21.422
-99.5 21.4193
-99.5058 21.421
-99.513 21.4251
-99.5219 21.428
-99.5306 21.4291
-99.5409 21.4293
-99.5475 21.4288
-99.5585 21.4294
-99.5687 21.4365
-99.5591 21.4475
-99.5625 21.451
-99.5763 21.4628
-99.5957 21.452
-99.5987 21.4561
-99.5879 21.4708
-99.592 21.4752
-99.5982 21.479
-99.6002 21.4862
-99.6043 21.491
-99.6084 21.4958
-99.6118 21.5016
-99.6157 21.5101
-99.6261 21.5205
-99.6312 21.5256
-99.6359 21.5309
-99.6415 21.5372
-99.6453 21.5478
-99.6584 21.5674
-99.6674 21.5676
-99.6795 21.5704
-99.6895 21.5707
-99.6969 21.5708
-99.7062 21.571
-99.7186 21.5746
-99.7304 21.5755
-99.7293 21.5678
-99.7187 21.568
-99.7048 21.5651
-99.7077 21.5527
-99.7223 21.5584
-99.7322 21.5611
-99.7435 21.558
-99.7516 21.5644
-99.7569 21.561
-99.7644 21.5631
-99.7716 21.5696
-99.7845 21.5737
-99.7942 21.5776
-99.7981 21.5672
-99.7852 21.5636
-99.7779 21.564
-99.7735 21.5602
-99.7679 21.5527
-99.7641 21.5436
-99.7616 21.5381
-99.7555 21.5345
-99.7506 21.5272
-99.7541 21.5205
-99.7588 21.514
-99.7653 21.5108
-99.7713 21.5067
-99.7768 21.4956
-99.7841 21.4933
-99.7907 21.4904
-99.792 21.4843
-99.7923 21.4751
-99.7998 21.4729
-99.81 21.4682
-99.8195 21.4824
-99.8427 21.479
-99.8541 21.4782
-99.862 21.4781
-99.8708 21.474
-99.8788 21.4688
-99.8858 21.4635
-99.9054 21.4522
-99.9263 21.4605
-99.9414 21.4636
-99.9381 21.4554
-99.9436 21.4513
-99.9497 21.4621
-99.9515 21.4721
-99.9557 21.4801
-99.9584 21.4851
-99.9503 21.491
-99.9502 21.498
-99.959 21.5012
-99.9716 21.5106
-99.9655 21.5152
-99.9821 21.5219
-99.9918 21.5251
-100 21.5262
-100.022 21.5248
-100.032 21.5295
-100.042 21.5312
-100.054 21.5313
-100.061 21.5332
-100.075 21.5548
-100.08 21.5574
-100.097 21.5664
-100.115 21.5792
-100.136 21.6018
-100.141 21.6065
-100.145 21.6105
-100.151 21.6141
-100.159 21.6053
-100.164 21.598
-100.174 21.6024
-100.176 21.6091
-100.174 21.6212
-100.172 21.6267
-100.174 21.6367
-100.179 21.6406
-100.189 21.6453
-100.195 21.6429
-100.214 21.6574
-100.223 21.6586
-100.23 21.658
-100.238 21.6569
-100.245 21.6574
-100.252 21.6615
-100.26 21.6679
-100.266 21.6756
-100.27 21.6794
-100.277 21.6708
-100.286 21.6605
-100.29 21.6571
-100.294 21.6506
-100.303 21.6412
-100.31 21.6473
-100.317 21.6517
-100.327 21.6508
-100.337 21.6552
-100.342 21.6583
-100.345 21.665
-100.349 21.6693
-100.356 21.6708
-100.365 21.6718
-100.375 21.6697
-100.38 21.6674
-100.385 21.6728
-100.386 21.68
-100.399 21.6789
-100.408 21.6815
-100.416 21.6815
-100.424 21.6856
-100.43 21.6861
-100.435 21.6814
-100.441 21.6784
-100.446 21.6756
-100.448 21.6698
-100.451 21.6642
-100.456 21.6528
-100.455 21.6399
-100.461 21.6322
-100.463 21.6207
-100.472 21.612
-100.475 21.6058
-100.48 21.6024
-100.485 21.5982
-100.476 21.5906
-100.468 21.5866
-100.465 21.5782
-100.456 21.5702
-100.456 21.5631
-100.46 21.5538
-100.464 21.5442
-100.468 21.54
-100.476 21.5411
-100.485 21.5422
-100.492 21.5424
-100.5 21.5426
-100.529 21.5446
-100.534 21.5396
-100.539 21.537
-100.549 21.5323
-100.558 21.5297
-100.563 21.5287
-100.572 21.5278
-100.581 21.5248
-100.587 21.5198
-100.594 21.5127
-100.601 21.5094
-100.609 21.5076
-100.615 21.5168
-100.615 21.5223
-100.613 21.5279
-100.618 21.5371
-100.623 21.5398
-100.634 21.538
-100.637 21.5306
-100.647 21.526
-100.652 21.5232
-100.663 21.5318
-100.672 21.5355
-100.679 21.54
-100.688 21.5438
-100.694 21.5452
-100.7 21.546
-100.711 21.5435
-100.719 21.5461
-100.727 21.5547
-100.733 21.5637
-100.738 21.5708
-100.749 21.5754
-100.754 21.5764
-100.765 21.5829
-100.775 21.5909
-100.778 21.5839
-100.786 21.5826
-100.794 21.5833
-100.8 21.5828
-100.81 21.5863
-100.818 21.5943
-100.823 21.5961
-100.831 21.599
-100.839 21.6018
-100.848 21.6046
-100.857 21.6072
-100.849 21.6299
-100.845 21.6403
-100.842 21.6451
-100.836 21.655
-100.844 21.6609
-100.855 21.6681
-100.862 21.6736
-100.872 21.6721
-100.875 21.6671
-100.886 21.67
-100.895 21.6742
-100.898 21.679
-100.905 21.6827
-100.916 21.6867
-100.919 21.6975
-100.916 21.7057
-100.927 21.7078
-100.937 21.7103
-100.94 21.7167
-100.948 21.7259
-100.965 21.7272
-100.975 21.7409
-100.984 21.7462
-100.996 21.746
-101.006 21.7452
-101.011 21.7503
-101.033 21.7506
-101.059 21.7551
-101.067 21.7584
-101.08 21.7549
-101.106 21.7483
-101.128 21.7455
-101.144 21.7447
-101.156 21.7483
-101.165 21.7495
-101.197 21.7726
-101.215 21.7858
-101.222 21.7927
-101.219 21.8039
-101.246 21.8116
-101.261 21.8136
-101.271 21.8102
-101.277 21.8092
-101.285 21.8084
-101.291 21.804
-101.296 21.8096
-101.305 21.8154
-101.313 21.8198
-101.322 21.8228
-101.333 21.8237
-101.341 21.8234
-101.35 21.8252
-101.363 21.8264
-101.373 21.8238
-101.383 21.8245
-101.395 21.8209
-101.402 21.819
-101.409 21.8167
-101.421 21.8115
-101.457 21.8104
-101.467 21.8157
-101.466 21.8222
-101.48 21.8207
-101.479 21.8302
-101.481 21.8372
-101.483 21.8466
-101.49 21.8432
-101.494 21.8581
-101.497 21.8662
-101.498 21.8719
-101.484 21.8769
-101.475 21.8822
-101.47 21.8906
-101.463 21.8957
-101.465 21.9043
-101.458 21.9042
-101.451 21.9045
-101.446 21.9087
-101.439 21.9159
-101.436 21.9231
-101.424 21.93
-101.415 21.9365
-101.411 21.9426
-101.411 21.9498
-101.403 21.9564
-101.394 21.9648
-101.389 21.9695
-101.38 21.9766
-101.375 21.9804
-101.369 21.9851
-101.377 21.9902
-101.37 22.0077
-101.37 22.0172
-101.374 22.0229
-101.379 22.0299
-101.366 22.032
-101.362 22.0338
-101.356 22.0376
-101.353 22.0434
-101.356 22.0528
-101.36 22.067
-101.355 22.0746
-101.354 22.0807
-101.366 22.0895
-101.375 22.0961
-101.377 22.1125
-101.377 22.1247
-101.375 22.1441
-101.37 22.1531
-101.363 22.1608
-101.357 22.1678
-101.353 22.1746
-101.348 22.1857
-101.344 22.1975
-101.344 22.2029
-101.348 22.2102
-101.355 22.2173
-101.362 22.2219
-101.365 22.2279
-101.37 22.2334
-101.376 22.243
-101.382 22.2454
-101.387 22.2509
-101.398 22.2551
-101.402 22.2652
-101.407 22.2739
-101.406 22.279
-101.398 22.2886
-101.397 22.3018
-101.394 22.3117
-101.389 22.3218
-101.38 22.3259
-101.374 22.3352
-101.374 22.3452
-101.381 22.3509
-101.388 22.3519
-101.382 22.3757
-101.38 22.393
-101.38 22.4088
-101.38 22.4234
-101.381 22.4367
-101.382 22.4461
-101.365 22.4457
-101.356 22.4464
-101.346 22.4469
-101.339 22.4476
-101.33 22.4549
-101.324 22.4651
-101.319 22.4759
-101.315 22.4915
-101.31 22.4973
-101.304 22.4999
-101.297 22.5027
-101.298 22.5153
-101.299 22.5266
-101.296 22.5424
-101.298 22.5546
-101.303 22.5647
-101.306 22.5728
-101.309 22.5836
-101.315 22.5965
-101.323 22.6075
-101.334 22.6192
-101.34 22.6293
-101.346 22.6369
-101.349 22.6464
-101.37 22.6452
-101.388 22.6626
-101.395 22.6696
-101.396 22.6773
-101.412 22.6889
-101.42 22.6954
-101.426 22.6989
-101.432 22.7003
-101.433 22.7166
-101.436 22.7258
-101.444 22.7309
-101.449 22.7323
-101.45 22.7211
-101.45 22.7144
-101.454 22.7046
-101.461 22.6973
-101.466 22.6947
-101.476 22.6928
-101.483 22.6927
-101.491 22.6941
-101.497 22.6938
-101.507 22.6929
-101.519 22.6885
-101.531 22.6829
-101.541 22.6775
-101.547 22.6719
-101.552 22.6668
-101.571 22.6536
-101.578 22.6495
-101.582 22.6296
-101.584 22.6049
-101.586 22.5963
-101.591 22.5911
-101.593 22.5817
-101.602 22.5759
-101.608 22.5718
-101.616 22.5657
-101.622 22.5602
-101.628 22.5534
-101.634 22.5423
-101.64 22.5322
-101.647 22.5216
-101.652 22.5172
-101.655 22.5116
-101.661 22.503
-101.665 22.511
-101.676 22.5102
-101.679 22.5023
-101.685 22.5042
-101.692 22.5073
-101.704 22.5034
-101.714 22.5003
-101.72 22.4941
-101.727 22.4977
-101.731 22.5031
-101.741 22.5036
-101.742 22.4948
-101.74 22.489
-101.738 22.4828
-101.738 22.476
-101.752 22.4825
-101.759 22.4868
-101.766 22.49
-101.776 22.489
-101.778 22.4786
-101.779 22.4704
-101.782 22.4614
-101.798 22.4687
-101.807 22.4732
-101.817 22.4774
-101.825 22.482
-101.829 22.4887
-101.83 22.4983
-101.83 22.5034
-101.828 22.5118
-101.837 22.5102
-101.845 22.5115
-101.85 22.5223
-101.854 22.532
-101.858 22.5416
-101.861 22.5504
-101.868 22.5591
-101.875 22.5651
-101.867 22.5725
-101.861 22.5828
-101.865 22.5915
-101.863 22.5992
-101.86 22.6104
-101.86 22.6239
-101.855 22.6347
-101.855 22.6448
-101.853 22.659
-101.866 22.6569
-101.88 22.6557
-101.891 22.6535
-101.899 22.6518
-101.897 22.6426
-101.911 22.6449
-101.923 22.6472
-101.944 22.6507
-101.938 22.6622
-101.945 22.6657
-101.951 22.6694
-101.946 22.6789
-101.941 22.686
-101.937 22.6951
-101.947 22.7002
-101.957 22.7055
-101.959 22.7121
-101.963 22.7173
-101.97 22.72
-101.979 22.7168
-101.984 22.711
-101.993 22.7159
-102.004 22.7188
-102.012 22.724
-102.016 22.7309
-102.02 22.7347
-102.029 22.7327
-102.027 22.7235
-102.031 22.7126
-102.044 22.7189
-102.052 22.7249
-102.06 22.7293
-102.057 22.7393
-102.065 22.7453
-102.076 22.7423
-102.084 22.7435
-102.084 22.7547
-102.089 22.7593
-102.085 22.7664
-102.09 22.7711
-102.093 22.7816
-102.088 22.7889
-102.085 22.7945
-102.082 22.7994
-102.076 22.8043
-102.074 22.8138
-102.09 22.8081
-102.112 22.8003
-102.131 22.7958
-102.147 22.7927
-102.159 22.794
-102.169 22.7911
-102.178 22.7932
-102.184 22.8038
-102.193 22.8159
-102.201 22.8301
-102.207 22.8417
-102.21 22.8526
-102.218 22.8498
-102.216 22.8597
-102.21 22.8657
-102.203 22.8639
-102.2 22.8721
-102.194 22.8795
-102.187 22.8883
-102.199 22.893
-102.216 22.8938
-102.23 22.8988
-102.242 22.9011
-102.238 22.9114
-102.235 22.9188
-102.232 22.9255
-102.234 22.9341
-102.237 22.9456
-102.242 22.9536
-102.244 22.9605
-102.247 22.9677
-102.253 22.967
-102.261 22.9666
-102.263 22.9771
-102.264 22.9882
-102.262 23.0023
-102.261 23.0112
-102.247 23.0177
-102.233 23.026
-102.235 23.0337
-102.232 23.0414
-102.231 23.0556
-102.228 23.0641
-102.232 23.0755
-102.245 23.0765
-102.244 23.0833
-102.24 23.0895
-102.237 23.0965
-102.234 23.1015
-102.236 23.1089
-102.232 23.1209
-102.227 23.13
-102.221 23.1394
-102.229 23.1493
-102.239 23.1661
-102.238 23.1808
-102.237 23.1943
-102.237 23.2055
-102.252 23.2137
-102.269 23.2219
-102.288 23.2324
-102.287 23.2441
-102.286 23.2572
-102.287 23.2718
-102.271 23.2706
-102.259 23.27
-102.251 23.2689
-102.248 23.2761
-102.257 23.2816
-102.268 23.2899
-102.281 23.301
-102.29 23.3103
-102.276 23.3189
-102.261 23.3298
-102.251 23.3381
-102.247 23.3485
-102.241 23.3593
-102.234 23.3646
-102.233 23.3742
-102.228 23.3858
-102.228 23.3966
-102.229 23.4073
-102.228 23.4188
-102.231 23.4319
-102.228 23.445
-102.213 23.4452
-102.199 23.4465
-102.18 23.448
-102.186 23.4368
-102.185 23.4279
-102.188 23.4211
-102.184 23.4125
-102.181 23.4012
-102.169 23.3987
-102.156 23.3983
-102.156 23.3882
-102.159 23.373
-102.159 23.3609
-102.147 23.3591
-102.131 23.3557
-102.12 23.3539
-102.111 23.3523
-102.096 23.3555
-102.083 23.3587
-102.071 23.3588
-102.059 23.363
-102.045 23.3637
-102.032 23.367
-102.012 23.37
-102.001 23.3696
-101.987 23.3682
-101.973 23.3689
-101.958 23.3693
-101.959 23.3848
-101.96 23.3995
-101.96 23.4109
-101.955 23.4223
-101.953 23.432
-101.949 23.4416
-101.947 23.4482
-101.943 23.4576
-101.93 23.4568
-101.923 23.467
-101.916 23.4767
-101.911 23.4853
-101.904 23.4932
-101.899 23.4993
-101.896 23.5097
-101.897 23.5154
-101.89 23.5196
-101.878 23.5259
-101.869 23.5324
-101.858 23.5399
-101.85 23.5452
-101.841 23.5449
-101.842 23.5359
-101.834 23.5387
-101.829 23.541
-101.821 23.5322
-101.812 23.526
-101.811 23.5166
-101.81 23.5053
-101.811 23.4926
-101.811 23.4841
-101.802 23.4766
-101.796 23.4724
-101.8 23.4631
-101.806 23.453
-101.811 23.4468
-101.818 23.4379
-101.806 23.4389
-101.792 23.4407
-101.778 23.4391
-101.746 23.4685
-101.727 23.4885
-101.702 23.5112
-101.677 23.535
-101.649 23.5568
-101.658 23.5667
-101.664 23.574
-101.654 23.5755
-101.648 23.5742
-101.645 23.5686
-101.635 23.566
-101.624 23.5748
-101.605 23.5903
-101.587 23.6046
-101.57 23.6208
-101.55 23.6339
-101.528 23.6488
-101.506 23.6675
-101.488 23.686
-101.476 23.6941
-101.455 23.7095
-101.439 23.7257
-101.409 23.7469
-101.393 23.7611
-101.372 23.7776
-101.357 23.7928
-101.342 23.8033
-101.344 23.8126
-101.343 23.8243
-101.34 23.8314
-101.332 23.8331
-101.32 23.8421
-101.309 23.8512
-101.297 23.8627
-101.29 23.8501
-101.277 23.8624
-101.263 23.8737
-101.247 23.8836
-101.235 23.8916
-101.221 23.8999
-101.209 23.9086
-101.193 23.9183
-101.194 23.9346
-101.194 23.9498
-101.197 23.9676
-101.196 23.9826
-101.198 23.996
-101.2 24.0112
-101.203 24.0238
-101.203 24.0378
-101.205 24.0514
-101.209 24.0708
-101.211 24.0886
-101.213 24.1062
-101.214 24.125
-101.216 24.1391
-101.218 24.1543
-101.218 24.1647
-101.204 24.1642
-101.18 24.1624
-101.165 24.1644
-101.152 24.157
-101.139 24.1515
-101.129 24.1457
-101.129 24.1394
-101.127 24.1329
-101.115 24.1321
-101.099 24.1283
-101.087 24.1276
-101.091 24.1157
-101.096 24.1035
-101.089 24.1033
-101.081 24.1045
-101.075 24.1114
-101.068 24.1223
-101.058 24.1348
-101.046 24.1414
-101.03 24.1475
-101.022 24.1557
-101.016 24.1561
-101.021 24.1678
-101.029 24.1812
-101.034 24.1936
-101.037 24.1995
-101.046 24.2045
-101.055 24.2043
-101.048 24.2126
-101.035 24.2228
-101.022 24.2337
-101.011 24.2443
-100.999 24.2525
-100.982 24.2598
-100.97 24.2692
-100.963 24.2734
-100.948 24.2823
-100.931 24.2925
-100.911 24.3046
-100.894 24.3159
-100.879 24.3271
-100.863 24.3366
-100.846 24.3454
-100.833 24.3616
-100.822 24.3755
-100.808 24.3873
-100.797 24.4002
-100.787 24.4121
-100.775 24.4248
-100.762 24.438
-100.751 24.4514
-100.745 24.4568
-100.753 24.4614
-100.751 24.4702
-100.754 24.4799
-100.745 24.4766
